TPRCH = 3.611208e-10
TDECODER = -1.000000e+00
TWLDRV = -1.000000e+00
TWRITE1 = 5.394476e-10
TSA_READ = -1.000000e+00
PAVG = -4.712408e-07
PDYN = -8.786459e-07
PLEAK = -1.428010e-08
T_FLIP0 = -1.000000e+00
